rank,hover,alpha,size,ctrl,num_props,quad_flag,distance
1,ST,14.793016148277056,0.09879402546807657,6866.003597900848,7,0,inf
1,ST,11.529739622246135,0.023061647082255842,189319.06325230317,4,0,inf
1,ST,11.661345975544029,0.023034190072549858,185665.83436464507,4,0,inf
1,ST,11.864816581033892,0.023644615102655128,153947.27366518183,4,0,0.9270532826895928
1,ST,14.559824193235062,0.08623079484088753,8487.190498045562,7,0,0.7893304678004117
1,ST,14.26702502592518,0.05292245964520992,25238.827367711405,6,0,0.6293067501749326
1,ST,13.859732890441416,0.05102571148096769,28225.7634786216,6,0,0.5556166368566587
1,ST,13.412483885887367,0.04038287107638063,71715.8085425566,5,0,0.5300009314528786
1,ST,12.834709973259775,0.03674950851331033,82360.25055304941,5,0,0.3926839304200014
1,ST,12.826589668864624,0.03674693466701714,82330.9075287279,5,0,0.29649812170415196
1,ST,14.714388269007705,0.0948072848367667,7107.178322853173,7,0,0.2461746521955369
1,ST,12.834709752716943,0.03674589890030394,82328.36839088253,5,0,0.17348404496773212
1,ST,11.862594017851428,0.023484984704162375,165669.62278682008,4,0,0.1044750336254085
1,ST,13.981530372671964,0.05135560699649932,28144.62749788589,6,0,0.0594438035598508
1,ST,11.86250104055363,0.023384836965658493,172253.9731101757,4,0,0.04335352687521219
1,ST,13.393949632908942,0.04010244051288264,72577.0395878223,5,0,0.029825497506846294
1,ST,14.048980285341782,0.051276490308561455,27850.40954946558,6,0,0.02566022176664588
1,ST,14.255463793997025,0.05210277666466666,26404.91564983001,6,0,0.02552218591373262
1,ST,14.058198775391784,0.05117335519567794,27655.0773093431,6,0,0.021729279037097014
1,ST,14.109094468225498,0.051296137146018064,27998.622356376916,6,0,0.02137718188424444
1,ST,14.262310227801857,0.05254519231257464,25546.50395258518,6,0,0.020753490689860585
1,ST,13.37722272886974,0.03969534796413577,73563.26199070958,5,0,0.01808707867948299
1,ST,14.218707916549173,0.051669816077929885,26962.892795400072,6,0,0.017794407576645483
1,ST,13.367063344455762,0.039209842634630634,74627.04580293503,5,0,0.016998925864489933
1,ST,11.861306942185974,0.023377329960242537,173248.37888149847,4,0,0.01674988692211298
1,ST,13.37475803604709,0.03963311400271491,73530.30741314124,5,0,0.01492707442832205
1,ST,13.306059148103168,0.03856578490036463,76380.07423960371,5,0,0.012592847753563017
1,ST,11.85807119318681,0.023321981037605685,175074.08369102905,4,0,0.012094262259782827
1,ST,14.201888689562047,0.051975694984760554,27012.359452968532,6,0,0.011893172206191939
1,ST,13.3190585445461,0.038803043538394075,75875.51139693127,5,0,0.011845606655150135
1,ST,13.267848026731654,0.03806554809281933,77546.6864666566,5,0,0.009715910182983107
1,ST,13.31494137572625,0.03879238203982165,75716.97822577407,5,0,0.009639487828381435
1,ST,14.185397168556328,0.05174775804586115,27146.799419479965,6,0,0.009611728496124248
1,ST,13.25187940378431,0.0379800554940211,77644.76439872506,5,0,0.00930337969029541
1,ST,14.144895129855632,0.05136936735588632,27507.55514666512,6,0,0.009272092329100947
1,ST,13.360996459379676,0.03920856227589602,74872.89293254637,5,0,0.008985050511177666
1,ST,13.274527376415108,0.03833572152229832,76794.66103627799,5,0,0.008769033577141814
1,ST,13.2897351013969,0.03837521891497037,76873.12820272431,5,0,0.008376358970312183
1,ST,14.162453672308947,0.05123951391561532,26794.548950805878,6,0,0.008296070761529911
1,ST,13.335027700176441,0.03902707543718559,75414.9586343416,5,0,0.007395671672356243
1,ST,14.208813242336293,0.05206862573570534,27113.95810529805,6,0,0.007357274470796038
1,ST,14.119607085675787,0.051380943130431116,27665.74185989129,6,0,0.007303862712762582
1,ST,14.131064661673435,0.05135377496777221,27577.11483397148,6,0,0.007242557317169592
1,ST,13.351922912799507,0.03906011344478951,75222.55471877824,5,0,0.0066598653577220526
1,ST,13.274202722998725,0.038178791851765405,77276.69555423969,5,0,0.006148228121513281
1,ST,14.156016106383666,0.05128205901290954,27175.335142338852,6,0,0.006056032938435768
1,ST,14.173343523270093,0.05149120692018725,27341.470716807944,6,0,0.005803267462710843
1,ST,11.546274322257732,0.023040022333241334,189126.95516649922,4,0,0.005467280009331201
1,ST,13.29517774082182,0.038538967979982124,76459.18996903706,5,0,0.005402321562620651
1,ST,13.344084973904845,0.03902099439864551,75248.0909118629,5,0,0.005349151113214509
1,ST,13.294414548659988,0.03849198165222035,76614.67900923511,5,0,0.005115156785180016
1,ST,13.273308433654016,0.03814284284671905,77462.2275597259,5,0,0.004921892029679452
1,ST,14.126460782462111,0.05125619095076783,27329.518989291995,6,0,0.004482603722232763
1,ST,13.34916112295981,0.039057177457240834,75059.28496985044,5,0,0.004454789003586951
1,ST,14.181078452064845,0.051477872380444586,26617.536595807065,6,0,0.004190567365258616
1,ST,14.18479614216834,0.05157313153163798,27222.70981339862,6,0,0.00410810131049424
1,ST,13.335249419012941,0.038948144739379416,75314.92622545225,5,0,0.00392254750196251
1,ST,13.336757338665326,0.039049773788745516,75342.17296344787,5,0,0.003653170233690211
1,ST,14.174103871693056,0.05143842488285126,27050.873908386526,6,0,0.0034667916269722535
1,ST,13.289866895178806,0.03841403787578366,76457.81112492898,5,0,0.0034088165679807413
1,ST,11.821536629014743,0.02317026078393481,179979.33838013158,4,0,0.003322165240777013
1,ST,14.179725156777138,0.05145324473170078,27253.261067902164,6,0,0.0032433914700740946
1,ST,13.142772557291902,0.03710857483407282,80374.74104266232,5,0,0.003130725911231232
1,ST,11.8196715618662,0.023162561564585495,178515.7716899694,4,0,0.003114021722824949
1,ST,11.836458025761193,0.02321283496885186,175355.64322150048,4,0,0.0030830115482128845
1,ST,11.842098067810856,0.02326233052779881,179770.8252532738,4,0,0.0029259059871847353
1,ST,11.829245460760468,0.023210353913214805,179047.12604694662,4,0,0.0027857253358717334
1,ST,11.84433475189264,0.023278042093850468,179535.4110234058,4,0,0.0026724398788508337
1,ST,13.247517842746513,0.037849962059331665,77906.41081903983,5,0,0.0026604571667896456
1,ST,11.81785322737508,0.023165778758991524,180243.9104962718,4,0,0.00263206501755805
1,ST,11.859870598421892,0.023344575488529536,175552.71059781293,4,0,0.002622827677377256
1,ST,11.854270157456265,0.023323282511185574,176168.1722831566,4,0,0.0025607194613167642
1,ST,11.816518284013746,0.023152484111847574,181241.71862593835,4,0,0.0024830378649488383
1,ST,13.249034225702054,0.037904054046636174,77818.7397011608,5,0,0.002477177642391057
1,ST,11.837690460334064,0.02324633887234177,180918.31285440913,4,0,0.002445103618149219
1,ST,11.85088486169007,0.02326826535541417,176404.0754655635,4,0,0.00240639560954636
1,ST,13.11026041153019,0.0370426733810512,80779.62583198387,5,0,0.002398445563944164
1,ST,13.136314712045605,0.03711940353139702,80475.31294919575,5,0,0.0023961437331933497
1,ST,11.850076547650568,0.02333597597611788,179321.72971653196,4,0,0.0023454594193064618
1,ST,11.562081736515538,0.023040108448705385,189160.69581721936,4,0,0.0023157787631232956
1,ST,11.857629175655767,0.023344922653794647,175860.65318626046,4,0,0.002284968364973315
1,ST,13.243154919808022,0.03783049775984816,77980.20431426949,5,0,0.002251392969082339
1,ST,13.192783306776361,0.037339169766606374,79516.77674213077,5,0,0.0021953758683290444
1,ST,13.04635814484405,0.036927266998925776,81377.36371951547,5,0,0.00218509270726664
1,ST,11.839241630235158,0.023238625633929942,177782.60746450786,4,0,0.0021574973931233715
1,ST,13.115766413666089,0.03708562269423978,80769.15760953234,5,0,0.0021445257959375524
1,ST,12.928715377833996,0.03679065389627139,82113.56195414824,5,0,0.0021100525911314774
1,ST,11.826383034083957,0.02318419634957415,180837.03668137302,4,0,0.0021069351591453626
1,ST,12.90072084299211,0.03677790097851727,82193.64222507055,5,0,0.0020926651499870285
1,ST,11.828581641132065,0.02321478193254073,182694.38180282497,4,0,0.0020853451741543053
1,ST,11.856008113269082,0.02330647617735205,175679.83008721864,4,0,0.0020564138785293213
1,ST,13.19003120034399,0.03736160128109191,79802.64125909776,5,0,0.002048418587687328
1,ST,11.556540642511717,0.02304735658332276,189223.38713316628,4,0,0.0020451374878234408
1,ST,13.163094175995669,0.03717065201591102,80125.75277757358,5,0,0.0020219715102174213
1,ST,13.009570092660567,0.0368628756869348,81651.02684753473,5,0,0.0020194254268428215
1,ST,12.832231444469773,0.03674699672785229,82347.54811019992,5,0,0.0020091741451905925
1,ST,11.836870658117753,0.02324203581077939,178845.1780120373,4,0,0.002002190737253424
1,ST,13.050935436425013,0.036930894096904275,81428.98877746737,5,0,0.001987492968626268
1,ST,13.0124565596176,0.036880749671268864,81500.8028146382,5,0,0.0019862375234475584
1,ST,13.184939384093596,0.0373096257749013,79582.32481543453,5,0,0.001976969522513218
1,ST,11.844739469638778,0.0232555239969335,177508.31704112556,4,0,0.001961882076237955
1,ST,11.827548917252132,0.023192576020068804,176845.3515368008,4,0,0.0019521234430248148
1,ST,11.654918362010344,0.023053966734719947,188476.11531406478,4,0,0.001941963191713414
1,ST,11.797496670239937,0.023106366180555886,178263.02388615216,4,0,0.0019417941600218553
1,ST,13.217580950253215,0.0375441901666207,78834.78694739912,5,0,0.0019385320959924225
1,ST,13.195370302842637,0.03734924113247943,79353.67604166687,5,0,0.0019357791751426615
1,ST,12.93363100492843,0.03679468519222659,82089.65007866257,5,0,0.001935454969047794
1,ST,13.130796376459616,0.037085005828885007,80466.95983087557,5,0,0.0019336481888076328
1,ST,11.815099599919035,0.02316500896994807,183066.7702794523,4,0,0.0019292126805619501
1,ST,11.813747092835369,0.023152198334980594,180349.20620046122,4,0,0.001916831070920778
1,ST,13.176019344936483,0.03725504801545207,80019.56915757824,5,0,0.001905994365512943
1,ST,13.219002030687218,0.037557482481269645,78816.222685294,5,0,0.0019056089628009037
1,ST,11.856797203176209,0.023341603446998586,176186.71077035932,4,0,0.0019032220361509815
1,ST,13.23219639721346,0.03769287792420682,78367.22408192202,5,0,0.0018996189276764982
1,ST,13.222461887918218,0.037632043293316104,78634.6946195965,5,0,0.0018948385960184228
1,ST,12.978626134117906,0.0368368984698357,81889.85380563287,5,0,0.0018401125054089162
1,ST,13.235890126461447,0.03772598775845237,78169.69045292833,5,0,0.0018387009699354791
1,ST,11.658976004781609,0.023047360233799948,188428.9904240497,4,0,0.0018340951646178389
1,ST,12.864326243064985,0.03676418584359503,82302.19368675575,5,0,0.0018227527271759887
1,ST,11.747341541315034,0.023064064539463375,186080.47175709027,4,0,0.0018153610416622064
1,ST,11.830780282296484,0.023226502406204382,182091.12511006198,4,0,0.001805384098247193
1,ST,11.840215053893884,0.023279715067930425,180475.37402910672,4,0,0.0017974628773855012
1,ST,11.85350101315582,0.023291203954558908,176515.71015722174,4,0,0.001794035603008154
1,ST,13.164544191219518,0.03722669040228868,80373.23966706751,5,0,0.0017878014570696958
1,ST,11.841257311812484,0.023238793336363396,176674.89615471323,4,0,0.0017818105851515821
1,ST,11.805441864086793,0.023140649177962668,183761.38174676232,4,0,0.0017808312467925166
1,ST,12.986326938194251,0.03684231661018912,81805.65310182484,5,0,0.0017767884254426684
1,ST,11.720417827986486,0.023047519772324294,186447.96444711633,4,0,0.0017444815209259339
1,ST,13.097029579104898,0.03702333035722543,80782.40090835564,5,0,0.0017443320916120048
1,ST,12.904936990423886,0.03677816555481586,82187.66763536954,5,0,0.0017415655787045084
1,ST,13.040454419112088,0.03691585750833409,81370.84689403766,5,0,0.0017407746332349105
1,ST,13.02715366356141,0.03689650359808884,81634.66097230704,5,0,0.0017284984170760904
1,ST,13.226557874522856,0.03770309496536017,78578.65186725801,5,0,0.0017081884667209787
1,ST,12.966853591717483,0.0368235260452658,81960.2056948425,5,0,0.0017066490492596022
1,ST,11.731157219651127,0.02306302500903255,186601.67059073,4,0,0.0017014368278573603
1,ST,13.134394573864897,0.03709085305205099,80527.71984939797,5,0,0.0017007758113460536
1,ST,12.879085808982353,0.036761729679115486,82266.95000489855,5,0,0.0016975901674970877
1,ST,12.94373542514344,0.036804457562159984,82078.48373437634,5,0,0.0016897060805293987
1,ST,11.854019454349833,0.023347928537922204,176979.16754665703,4,0,0.0016892014035719716
1,ST,12.954249142819686,0.03681582759079771,82027.75183910973,5,0,0.0016888000521728425
1,ST,11.738751503005899,0.02310073489018037,186878.8657522927,4,0,0.0016859579198104501
1,ST,11.641461398097626,0.02304609271054133,188327.807432503,4,0,0.001675743769321377
1,ST,11.644451222841365,0.023039987568381257,187874.94153164385,4,0,0.0016713264203067437
1,ST,13.182905031785406,0.037275601678537926,79696.98601201265,5,0,0.00166002148683434
1,ST,13.015093464739557,0.036883115468138536,81640.47369133151,5,0,0.0016587942277052692
1,ST,13.221877714294012,0.037646566029667046,78713.19194776753,5,0,0.0016572217885521246
1,ST,13.181028540718735,0.03728371901986854,79708.28257923589,5,0,0.00165321581287957
1,ST,13.089054802694275,0.03698181346715605,80876.3532729039,5,0,0.0016481373504069927
1,ST,13.230510957523359,0.03767554836184946,78255.6651044718,5,0,0.0016472362896826492
1,ST,13.038881711426033,0.036909772388556264,81294.57244094674,5,0,0.0016442216411837634
1,ST,13.197116974861798,0.037352154133730484,79676.71465994063,5,0,0.0016271482739645049
1,ST,13.100037779405149,0.03704500989140513,80865.5304624294,5,0,0.0016251606782597386
1,ST,13.187158406123642,0.037327112076147174,79475.00235033293,5,0,0.0016209140725228107
1,ST,13.178918760958982,0.03724369473803098,79756.86496000858,5,0,0.0016208201026039447
1,ST,12.92708316960161,0.03679025431847605,82118.60945385614,5,0,0.001613220601512825
1,ST,11.554017890791132,0.023049774396532094,189284.67360323312,4,0,0.0015983051260214252
1,ST,11.816206819549468,0.023233591720339883,183561.6035043844,4,0,0.0015977692820633572
1,ST,13.15940518305297,0.03716308976690564,80156.29892316776,5,0,0.0015935660952252854
1,ST,11.838573770641725,0.02324900594884308,178619.34944902564,4,0,0.0015921127648426661
1,ST,12.96375970419043,0.0368203615876873,81956.56179800823,5,0,0.0015867552480382462
1,ST,13.214553353941286,0.03753337488095978,78863.1252839376,5,0,0.0015860657800782193
1,ST,11.59500615261003,0.023043979705498444,188865.6984033717,4,0,0.001582832821316433
1,ST,11.54731971487668,0.023043249707542013,189303.33915963065,4,0,0.0015794364189254243
1,ST,11.775964514569838,0.02306486097110554,183948.2269732647,4,0,0.001577529389359017
1,ST,11.784795118866752,0.02308025318150697,184185.9739518924,4,0,0.0015741068805334919
1,ST,13.036038726040445,0.03690525824611274,81363.10981319146,5,0,0.0015735629658217248
1,ST,11.792483722536879,0.023089510862685313,177883.70661874124,4,0,0.0015684259793014397
1,ST,11.75747829345723,0.023054286878150122,185217.96517721037,4,0,0.0015642224876319184
1,ST,13.006806313392987,0.03686576066304305,81695.46261340428,5,0,0.0015607493325634795
1,ST,13.220813880195543,0.037591245901413176,78490.14888822104,5,0,0.0015586547401406714
1,ST,11.706662070275351,0.02305387520323801,187295.3993625047,4,0,0.001557103534128918
1,ST,11.811951863953329,0.023133995048133217,182325.0663800245,4,0,0.0015565454700423506
1,ST,11.778978645098972,0.023080955373479612,184858.77637492295,4,0,0.0015563008758929552
1,ST,12.920346221102333,0.0367861976745443,82137.12168737665,5,0,0.0015562468312626755
1,ST,13.022698666895206,0.03689605892488783,81584.40625103051,5,0,0.0015557791071896558
1,ST,11.703832000269012,0.02305113026527215,187151.03743136517,4,0,0.001554419747003551
1,ST,11.80763756383441,0.02314563541327638,183172.85269870269,4,0,0.0015504724650809495
1,ST,11.750321709210573,0.023110423725515597,186507.88203838724,4,0,0.0015502247759996719
1,ST,13.145639238282792,0.037123141303874174,80522.03327286325,5,0,0.0015438246268562564
1,ST,11.831395771770582,0.02324321478316102,181992.05505615383,4,0,0.0015398740083760656
1,ST,11.799494077436476,0.0231112391882276,180670.08406047913,4,0,0.001538757522552745
1,ST,11.82376538803019,0.02323470407273203,182922.0068928327,4,0,0.001538028281720926
1,ST,13.234305898519185,0.03775193340712407,78279.39463636142,5,0,0.0015378228031248655
1,ST,13.248678197080006,0.03789814004137654,77803.29060054042,5,0,0.0015349065356425149
1,ST,11.727400968975894,0.02305161352345156,186821.56631916412,4,0,0.0015334887205774395
1,ST,13.1686340633945,0.03724796645444867,80089.88541682341,5,0,0.0015313864470824492
1,ST,11.786375410178135,0.023072302894726823,179204.57573163763,4,0,0.001530259398937204
1,ST,11.766425418218626,0.02305572472945168,180630.03391074704,4,0,0.0015294883602522448
1,ST,11.848607452807727,0.023306629496638774,179224.44474784328,4,0,0.0015271089679841196
1,ST,11.71118293594725,0.023084339701303733,187676.47033458404,4,0,0.00152699023568175
1,ST,11.612296684367662,0.023045313752154135,188719.85421399787,4,0,0.0015240366750571104
1,ST,13.174610870120027,0.03723754259877425,79975.41787451626,5,0,0.0015144515905674422
1,ST,11.832570666371979,0.023304057027109054,182431.57830521083,4,0,0.0015076307487729129
1,ST,13.101736985701617,0.03701405365075358,80771.32911743759,5,0,0.0015024324400305822
1,ST,13.199565900174195,0.037386090392703616,79315.28653477009,5,0,0.0015014964417212635
1,ST,13.167320887731309,0.03717882081175877,80301.09147937734,5,0,0.0015010365371333721
1,ST,11.790688941348686,0.023089422914450448,182185.01815256267,4,0,0.0014977509993354002
1,ST,12.909622129723498,0.03678287823790318,82183.6440224337,5,0,0.00149733179652667
1,ST,11.770534731397598,0.023064168695803217,185412.5539696818,4,0,0.0014956687999382189
1,ST,12.882293099755628,0.03676437382462785,82226.73855510677,5,0,0.0014952478322440505
1,ST,13.242331320654536,0.03780944925011763,77964.61640606717,5,0,0.0014870609767723196
1,ST,13.225421065876594,0.03760565206422915,78541.27037138726,5,0,0.001480198215931075
1,ST,11.567283740198768,0.023043569544680648,189009.66473491624,4,0,0.0014791248699246205
1,ST,12.984378696085447,0.03683346953544929,81819.26212496021,5,0,0.001475728258471043
1,ST,11.811070245890134,0.023151551771468763,184112.46527385208,4,0,0.0014748681649303236
1,ST,13.247627430348329,0.037892669395071805,77878.9988816286,5,0,0.0014720232035551285
1,ST,11.723030781540844,0.023086976707665255,187450.5197887227,4,0,0.0014720222026277565
1,ST,11.615808409005414,0.023041768662363318,188461.22916023835,4,0,0.001471510453345004
1,ST,12.916007352952732,0.036782089075219876,82139.08609669322,5,0,0.001461244047327326
1,ST,13.09479290776084,0.036995226318526135,80681.65011297165,5,0,0.0014611777045794856
1,ST,13.147288043601447,0.037125739005683014,80319.89999149961,5,0,0.001461151968823024
1,ST,11.795426386662049,0.023202064687284977,184709.35887051752,4,0,0.0014524222352306519
1,ST,11.71305326955526,0.02304536947452534,186352.81179337003,4,0,0.001449816863510301
1,ST,13.04394014575964,0.03694635366546648,81452.23224190871,5,0,0.001448403908672011
1,ST,12.941267054123367,0.03680182022029834,82071.11242722321,5,0,0.0014463603110690785
1,ST,11.84910205050126,0.023284289253952407,177342.4301623113,4,0,0.0014461591909270084
1,ST,11.588400659474184,0.023035944361839512,188554.24352918816,4,0,0.0014454650080717747
1,ST,11.622709220198963,0.023054835931023664,188881.40015030978,4,0,0.001444026393382346
1,ST,11.731380252388616,0.023047173836650905,186217.79967912877,4,0,0.001442619854334274
1,ST,11.78236324528088,0.023073915498058453,184372.96046902006,4,0,0.0014409655322417227
1,ST,11.734318362599348,0.02305120940102695,186159.55429452946,4,0,0.0014381374772565313
1,ST,12.95183344441182,0.03680984497486341,81983.85139211711,5,0,0.001433379681151151
1,ST,11.671389461326473,0.023041746050327445,187709.07287877396,4,0,0.0014326932899134752
1,ST,13.209240041167298,0.0374791791694236,78957.7862977752,5,0,0.001426855418786193
1,ST,11.686274913025652,0.023053420908800394,187754.34503303355,4,0,0.001426533444631123
1,ST,12.946610857762996,0.03680432447737873,82061.55396044746,5,0,0.0014233210116534013
1,ST,11.83473288534629,0.023219341524572716,178052.0033447571,4,0,0.0014232525621749523
1,ST,12.895799641205242,0.03677708326797345,82236.5731088375,5,0,0.0014155818894654862
1,ST,11.824437702030966,0.023187404279853788,181838.31199249648,4,0,0.0014107408260682136
1,ST,13.170249435376887,0.03720495715133715,80037.42686254618,5,0,0.0014088381910004363
1,ST,11.550802257726339,0.023042385521943817,189236.9778914723,4,0,0.001408234713878624
1,ST,12.961949852648676,0.036820167987648526,81971.54199055873,5,0,0.0014077063381829303
1,ST,11.768801558693964,0.023085163850598812,186155.11841038056,4,0,0.0014064560386165188
1,ST,11.846506824956121,0.02325899999914704,176932.31848648807,4,0,0.0014050557475371898
1,ST,12.883858717663044,0.03677007860009712,82255.72579654818,5,0,0.0014005460002807638
1,ST,13.20108171608944,0.0374091680599723,79244.71853496623,5,0,0.0014003290220968322
1,ST,11.60262908322049,0.023043041343149682,188581.12055679207,4,0,0.001399063361758295
1,ST,11.812520636218657,0.023164822010477176,183415.8430741543,4,0,0.0013938066141153842
1,ST,13.104492818018757,0.037033051138772456,80850.78369810003,5,0,0.001389479441413986
1,ST,11.78072667298362,0.02312070257383684,185712.40109612833,4,0,0.0013840762099228722
1,ST,12.91344451597769,0.03678548044957037,82173.75393752298,5,0,0.0013780707208980666
1,ST,11.56500849968365,0.02305785854818366,189244.05567747622,4,0,0.0013770890440386815
1,ST,12.99835908049114,0.0368709681582332,81824.50016126025,5,0,0.0013696634563188962
1,ST,13.184646065864692,0.03730207427124479,79894.97162684498,5,0,0.0013642220125792493
1,ST,11.586256631024973,0.023059128597534256,189127.46169036475,4,0,0.0013632068779958933
1,ST,12.886485065467086,0.036774328215150476,82244.22613502601,5,0,0.001362955410847867
1,ST,13.210167197498649,0.03749874740225999,78967.42786160763,5,0,0.0013622282723524046
1,ST,11.724065319154027,0.023047822892777663,186294.96197007515,4,0,0.0013573317624326444
1,ST,12.861577933627354,0.0367625961766504,82307.16728016501,5,0,0.0013507094810968233
1,ST,12.996561133475833,0.03685596130090592,81772.660663607,5,0,0.0013484026845590365
1,ST,13.129168893223484,0.037088071391487176,80487.83827067993,5,0,0.0013420026883254918
1,ST,11.809561821579464,0.023191872055922214,184148.24338032375,4,0,0.0013405467549341536
1,ST,13.087186031943627,0.03701680368906657,80981.33631703419,5,0,0.0013375523707332606
1,ST,12.838964022717812,0.03675028475671189,82342.48883155441,5,0,0.0013375360938043459
1,ST,13.154793607939098,0.03717200149499062,80578.63604235326,5,0,0.0013353099756331875
1,ST,11.843547111282202,0.02327721055282942,178015.66864849,4,0,0.001331388055895761
1,ST,13.229593868318373,0.03766403067579234,78367.92315778552,5,0,0.0013311205481073632
1,ST,12.83569189797822,0.036749081278993186,82337.34821683457,5,0,0.0013299808238792677
1,ST,12.99446344246916,0.036854759587715204,81730.07222838381,5,0,0.0013296549155548047
1,ST,13.207111149679816,0.037487694955058326,78996.19474889424,5,0,0.0013225136727682556
1,ST,13.073244395184043,0.03697272022816668,81070.96086710437,5,0,0.0013223893203972872
1,ST,11.71658220513871,0.02308269615492934,187382.70594368983,4,0,0.0013185519171349546
1,ST,13.171191408628616,0.03721098322350163,79889.16386023373,5,0,0.0013130492275425236
1,ST,12.959732184340542,0.0368170347873432,81940.62454294215,5,0,0.0013127963778217775
1,ST,11.635250956089694,0.023037600261271718,187618.57237291933,4,0,0.0013123642270897286
1,ST,11.598892378323558,0.023038767534068687,188561.77118506798,4,0,0.0012991958171403434
1,ST,13.206406184821839,0.03746528515754811,79085.59252481829,5,0,0.0012974195541934684
1,ST,13.202424620134032,0.03742661883295453,79119.77543325872,5,0,0.0012971377572897338
1,ST,13.212681118239244,0.037517434798289576,78873.05039747163,5,0,0.001296909944473947
1,ST,11.709591527483305,0.023068116275300782,187259.50203123136,4,0,0.001294322374519991
1,ST,11.823749311170362,0.023191096234277626,183281.35750003892,4,0,0.0012918237031581399
1,ST,12.889924428769195,0.03677311626050772,82222.67597129382,5,0,0.0012917070871066956
1,ST,11.632793471303128,0.023057072610367105,188865.30052462523,4,0,0.0012777794304503218
1,ST,11.569302797944117,0.023041400390963623,188988.2838091304,4,0,0.0012759223433009249
1,ST,11.835447205567386,0.023247309473377626,181431.6475990009,4,0,0.001275031829683292
1,ST,11.788050531324417,0.023097768764165888,185631.47259055494,4,0,0.001268000482937754
1,ST,11.62728905901908,0.023050481754090333,188868.84533213236,4,0,0.0012669108601625777
1,ST,13.150815153312488,0.037120635845157485,80268.07579885889,5,0,0.0012660657595476338
1,ST,11.639521767072257,0.023047111415717858,188635.12010638884,4,0,0.0012633482899219817
1,ST,11.714801295674699,0.023090030597780427,187970.50159434308,4,0,0.0012615185061306518
1,ST,12.971751184043178,0.036825507176844345,81873.37444213338,5,0,0.0012614967412208852
1,ST,12.976008678331665,0.03683191464016249,81914.22654568618,5,0,0.0012608684707818701
1,ST,13.158297896327985,0.037155000361786615,80257.75673816034,5,0,0.0012594897184337454
1,ST,11.625065762954327,0.023037691092993605,188094.03231180165,4,0,0.0012567828933522924
1,ST,13.083046208139702,0.0370248934356462,81051.50304202076,5,0,0.00125440432509057
1,ST,11.736918894085873,0.023068921466349365,186476.1426122731,4,0,0.0012493994652238048
1,ST,13.03350094121287,0.03689485574422254,81375.72466182726,5,0,0.0012472314180671082
1,ST,13.173362862443078,0.037211602244885074,79981.80966859797,5,0,0.0012450023694949256
1,ST,11.696694346813123,0.023051177662654687,187228.38835394304,4,0,0.00124360172307415
1,ST,11.57103613884369,0.02305721193122466,189147.59186690234,4,0,0.0012423646902021464
1,ST,13.09074266651853,0.037007421006899535,80936.40433456126,5,0,0.001232814447873119
1,ST,12.935925832369469,0.03679721660536035,82102.54652377224,5,0,0.0012318742785711542
1,ST,11.601151598546744,0.02304900501337481,188962.41787016692,4,0,0.0012316618182533505
1,ST,12.956838422674256,0.03682704877284172,82009.36158915304,5,0,0.0012309971235646329
1,ST,13.093285312246795,0.037036398830537935,80961.0038892746,5,0,0.0012307640364655494
1,ST,12.923929236779676,0.03679510663493836,82133.39754710742,5,0,0.0012304628583957441
1,ST,11.698227664576544,0.023045347969951856,187061.98152191695,4,0,0.001223496223139168
1,ST,11.726926077124302,0.023069556706104312,187087.55259336057,4,0,0.001222861151253806
1,ST,11.84508501305778,0.023261238486828758,177477.86660044233,4,0,0.0012184931416159962
1,ST,13.213808187137426,0.037527506200206465,78931.93012684675,5,0,0.001216125693948093
1,ST,12.991100927233857,0.0368467176078347,81784.67931409983,5,0,0.001212836440199368
1,ST,11.653386724017349,0.023067911881908626,188771.8560908375,4,0,0.0012124121095961622
1,ST,11.8441587672775,0.02324788037609701,177137.11717094138,4,0,0.0012108132348819137
1,ST,11.55153803220367,0.02304356740791754,189279.1405922101,4,0,0.0012104194268053696
1,ST,11.58323587958123,0.02303560787961625,188007.64114292638,4,0,0.0012086873037398047
1,ST,13.127208160491046,0.03708075416209866,80469.27266833423,5,0,0.0012075233683509084
1,ST,12.968848682287993,0.03682529172205593,81914.36455422407,5,0,0.0012066719085426622
1,ST,11.790235588620488,0.023095005526923697,182589.08681726156,4,0,0.0012054368074181031
1,ST,13.020925624510939,0.03688450122947173,81519.44772836789,5,0,0.0012037147528771467
1,ST,12.912200876282357,0.03678618369997449,82184.42777875855,5,0,0.0012028538027927989
1,ST,11.68958764683551,0.023060541816536856,187908.42700113374,4,0,0.0012015185442480745
1,ST,12.872381066628948,0.036770175639170566,82288.75303930893,5,0,0.00120040982222902
1,ST,11.767415528930725,0.023079540542597074,185758.2647858617,4,0,0.0011988205133635446
1,ST,13.238448514000133,0.0377821170122341,78030.37537781366,5,0,0.0011964948697565092
1,ST,12.98121387190667,0.03684553253810864,81859.40432216637,5,0,0.0011929978465464329
1,ST,11.808074155802391,0.023130212478067163,181807.78872880005,4,0,0.0011902785906724104
1,ST,11.764461144576696,0.023063493470063177,184634.16319042825,4,0,0.0011901817079045056
1,ST,11.742168198970157,0.023053402799468443,186316.95415109012,4,0,0.0011885966660818929
1,ST,12.938296450447526,0.03681023101554018,82097.14680938264,5,0,0.001187448495451204
1,ST,11.778096699234684,0.02308271433439704,185028.60285273215,4,0,0.0011862793845265375
1,ST,13.108387971731089,0.03703585390193518,80685.41818901688,5,0,0.0011857024374073532
1,ST,12.992598217600774,0.03684490034617906,81747.11282961887,5,0,0.0011843444458801318
1,ST,12.876872731722047,0.03676851143852627,82267.53394537135,5,0,0.001183756512507964
1,ST,12.88790956098868,0.03677072036983912,82205.38822334124,5,0,0.0011808147902264234
1,ST,11.751765599490643,0.023067461733675614,186039.6398324105,4,0,0.0011804493538086008
1,ST,13.155535914158477,0.03718136862760236,80392.576395325,5,0,0.0011793264119530657
1,ST,13.120458932885638,0.037062025860680366,80630.29781199725,5,0,0.0011792880831490145
1,ST,12.974254071826133,0.03682952485264021,81924.76547539751,5,0,0.0011781712430311941
1,ST,11.701326553028307,0.023036864304113062,185969.024894408,4,0,0.0011773070427624547
1,ST,12.923492592606252,0.03679418498709732,82139.26361106317,5,0,0.0011740785576091377
1,ST,11.629476709187587,0.02305605215023551,188722.4194869242,4,0,0.0011695029451823564
1,ST,13.106645831938133,0.03703584941167802,80628.98153769612,5,0,0.0011694729698765523
1,ST,11.684496978755336,0.023044778341820144,187540.3762326149,4,0,0.0011643099333409367
1,ST,11.563580307358801,0.023056176884544397,189189.0081005685,4,0,0.0011642466252164952
1,ST,11.735253320016822,0.023119033743769835,186945.56805527708,4,0,0.0011605855084925315
1,ST,11.620838950753656,0.02305218451189508,188924.09866862572,4,0,0.001157204518197801
1,ST,13.091362016881558,0.037000309951752644,80824.65400369422,5,0,0.001156401964744854
1,ST,11.858689167683883,0.023334423631021874,175830.57804903897,4,0,0.001153922322792825
1,ST,11.803499039099844,0.02319707931539495,184476.30353866986,4,0,0.001152542278069925
1,ST,12.98930625142688,0.03683824064391274,81764.18039518142,5,0,0.0011517355685023315
1,ST,11.669783510913206,0.023056163260124003,188344.12221892618,4,0,0.0011502398870698472
1,ST,11.843148807024622,0.023243057557096936,176604.13566965488,4,0,0.0011477371419924606
1,ST,11.648038893189963,0.023052587811712745,188703.52119748437,4,0,0.0011471800398278164
1,ST,11.842699642537879,0.023294731052956583,181555.38050296082,4,0,0.001144350818102385
1,ST,11.681761049795417,0.023063566622986142,188224.21046115385,4,0,0.0011435843625406115
1,ST,12.907632522998211,0.03678253327000487,82144.34054811343,5,0,0.0011370849293144668
1,ST,11.700463647962449,0.023072921843776857,187931.4026218665,4,0,0.0011334229296184608
1,ST,11.74516761325761,0.023047061532046227,184908.65251231336,4,0,0.00113290175729173
1,ST,12.847051087598437,0.03675635005985371,82343.4197002292,5,0,0.0011324308512463382
1,ST,12.982051865920125,0.0368366401571624,81851.08528295989,5,0,0.0011305977108907333
1,ST,11.57836675442797,0.02303957575730149,188782.246920367,4,0,0.0011287338545574548
1,ST,11.606728286455336,0.023060355651755432,189035.95431085996,4,0,0.0011282827976962367
1,ST,13.236548375570349,0.03774623055674128,78130.63370489606,5,0,0.0011196951212554174
1,ST,13.037031241045932,0.036896746439762984,81167.449694131,5,0,0.0011191018441420232
1,ST,11.590079250621557,0.023059287605209866,189085.94243114968,4,0,0.0011124275570742312
1,ST,11.652043557614787,0.023051160625363384,188514.01010114627,4,0,0.0011102796419543673
1,ST,12.867357604625736,0.03676174307502339,82281.85006754452,5,0,0.0011100245759004233
1,ST,11.660288261502224,0.0230436272018176,188118.832633823,4,0,0.0011093372704833152
1,ST,11.677001468732888,0.023054585234930872,188194.90801793107,4,0,0.001106329334614131
1,ST,13.029880774532545,0.03689103893848332,81369.94745678674,5,0,0.0011051635841615025
1,ST,13.065848501371038,0.036959713619375514,81139.88822685198,5,0,0.0011007382935268712
1,ST,12.85855251990666,0.03675642131317838,82302.02878840531,5,0,0.0011004005819470494
1,ST,11.852160795399108,0.023304417534734053,177839.1683811152,4,0,0.0010995341137383643
1,ST,11.845959037871314,0.0232583376617425,177301.24428883631,4,0,0.0010988718997175886
1,ST,13.074789153283708,0.037010754006904255,81191.25291001405,5,0,0.001098134300266113
1,ST,11.572728712794785,0.023047439390714186,189105.21025643704,4,0,0.0010908344972723626
1,ST,12.870295522572382,0.036765724799722004,82279.69631252103,5,0,0.0010900946496358547
1,ST,11.763734013720082,0.02308362402064044,185981.19193915775,4,0,0.0010891443199630337
1,ST,13.124705131062932,0.03709705249820277,80701.51023607934,5,0,0.0010882416271688154
1,ST,13.153237409905197,0.03714551561639892,80297.2590786985,5,0,0.0010874947519572875
1,ST,12.84503522921713,0.03674870283977053,82308.33980460493,5,0,0.0010859269952425224
1,ST,11.673050089204883,0.02305208688888613,188005.02036630362,4,0,0.0010843327013876575
1,ST,13.017570053524386,0.03688495385683377,81642.37757785455,5,0,0.0010834677980508267
1,ST,12.950241091274984,0.0368040292083588,81996.34684846993,5,0,0.0010815380007010305
1,ST,11.773267694814308,0.023071384471844723,185068.85446697858,4,0,0.0010814602982564584
1,ST,13.148847516116158,0.03714810149109493,80419.42759173305,5,0,0.0010788283305115803
1,ST,11.609746214615454,0.023039315359817725,188271.38229375758,4,0,0.0010784720276293585
1,ST,11.69518128680361,0.023048251899608498,187388.8269345456,4,0,0.001074226877397741
1,ST,11.765306914122542,0.023067847343050472,185508.24268359988,4,0,0.0010718655923875383
1,ST,11.576868938971003,0.023060102580537988,189176.11018272085,4,0,0.0010718543711697279
1,ST,11.581306551141392,0.023041355476737694,188925.5074927962,4,0,0.0010652318177919316
1,ST,11.746483583878746,0.023075623093632022,186393.4108380338,4,0,0.0010644428932772704
1,ST,12.855435761841582,0.036755893646863026,82313.06188858685,5,0,0.0010615743321229837
1,ST,11.708200786169298,0.02307117167656853,187519.703020246,4,0,0.0010598012244254795
1,ST,13.064899751568523,0.03694635452182327,81089.21497244165,5,0,0.001058314624146242
1,ST,11.848726982478023,0.023265407120027237,175781.29285734444,4,0,0.0010561308800355973
1,ST,13.057794804978938,0.03696930069901877,81213.9556026242,5,0,0.0010559692799358212
1,ST,11.679949948517141,0.023039428136028064,187041.4813921367,4,0,0.0010505625858199935
1,ST,13.069426233864032,0.036977331171452396,81104.93216597942,5,0,0.0010498678841080454
1,ST,13.118324275132663,0.03706590759440864,80684.98005928748,5,0,0.001048557809126982
1,ST,11.821788476113756,0.02317188062395837,178094.30372817267,4,0,0.0010444970580537247
1,ST,11.798575044085297,0.023119385769047332,184518.47585601266,4,0,0.0010437880079529366
1,ST,11.718834279636106,0.023047383606025176,186667.43370445023,4,0,0.001043091187139543
1,ST,11.800045019534616,0.023111638905586707,181904.31361554484,4,0,0.0010425165469817087
1,ST,13.084873934592661,0.03699840524513871,81000.29268884823,5,0,0.001040451152269924
1,ST,13.225981833687904,0.037662028692417956,78380.06958553892,5,0,0.001039713350870095
1,ST,13.200485140175076,0.03745913764638882,79259.70263134222,5,0,0.0010388635582977658
1,ST,13.019506072158626,0.03688557286290176,81676.1352673335,5,0,0.001033438918003217
1,ST,11.80153718995171,0.023118482238100275,182929.04373303134,4,0,0.001032370529252382
1,ST,11.776377328723314,0.023069761459662733,184581.45338708433,4,0,0.0010304334220581281
1,ST,11.797154146014211,0.023105298658814184,181583.60213824385,4,0,0.0010274742919321221
1,ST,11.66383821946185,0.02305805433518234,188566.37170900602,4,0,0.0010254300923296666
1,ST,11.637646320323334,0.023066680509764896,188832.53871943403,4,0,0.0010247953396550532
1,ST,11.800676880592873,0.023162374420177594,184338.22228089775,4,0,0.0010233652832425323
1,ST,13.052078080091166,0.03694146090902031,81191.49339622472,5,0,0.0010204778424630742
1,ST,13.13580484960328,0.03710378093222589,80533.53480336886,5,0,0.0010195629636883068
1,ST,11.591461414315008,0.02304103965630223,188682.16645805747,4,0,0.0010183986236728647
1,ST,13.024707134511889,0.03688602700253021,81406.50764323854,5,0,0.0010162173252795214
1,ST,13.055678061354978,0.036946056435786745,81248.09358659803,5,0,0.0010151167837187333
1,ST,13.076480703106899,0.03699019448503342,80989.80718556032,5,0,0.0010145881289575062
1,ST,11.580069407763801,0.023052204425726874,189113.1514321464,4,0,0.0010112426531112583
1,ST,11.718594637082486,0.023064430522733288,186845.50296636944,4,0,0.0010090518813886439
1,ST,13.221328134001741,0.03763458837899194,79003.1544379326,5,0,0.001007673078383358
1,ST,11.789110656110537,0.023099608914256844,185257.90896092256,4,0,0.0010027779467403901
1,ST,13.158839413051284,0.037158316276967175,80160.83178870368,5,0,0.0010021706894767879
1,ST,13.20501451975655,0.0374452020402805,79136.92373770093,5,0,0.0009996000646228292
1,ST,11.794302309833103,0.023179581824852066,185112.26253674834,4,0,0.0009990685943187332
1,ST,11.753071997909442,0.023053872234828195,185577.69338614334,4,0,0.0009980561326360061
1,ST,11.611081824931574,0.023064538012578448,189045.00065338128,4,0,0.0009934325373450288
1,ST,12.856620782641173,0.03675686714838177,82311.91708316389,5,0,0.0009933827976048902
1,ST,13.060885923623287,0.0369562315815044,81195.37175808415,5,0,0.000991395933656273
1,ST,12.875380225673759,0.036766816944728935,82270.2571765988,5,0,0.0009912026286645209
1,ST,11.801568684395365,0.023138842453448227,184028.5843749453,4,0,0.0009903313909026068
1,ST,11.840076205824635,0.023250532607253162,178730.17299551057,4,0,0.0009902796771494495
1,ST,11.76210347341254,0.02306203845741756,185271.61299272408,4,0,0.0009887500735180194
1,ST,11.795197539585338,0.0231101668502941,182504.86268517486,4,0,0.0009867395328559247
1,ST,13.179171873787833,0.03728931700244366,80037.3155093148,5,0,0.000986679610178349
1,ST,13.149365987856044,0.037150365312339034,80334.42085080859,5,0,0.0009861291823247175
1,ST,12.891879158188102,0.03677522479734963,82213.71634363999,5,0,0.0009829090032858285
1,ST,11.835561185134157,0.023229904675124168,177228.45614669652,4,0,0.000982591197613948
1,ST,13.12584744007345,0.0370735341826276,80389.10569452382,5,0,0.0009803473774659967
1,ST,11.796961117386415,0.02311168318938526,183760.1947258112,4,0,0.0009795072343699927
1,ST,12.939422335226064,0.036795042165130055,82079.02776385915,5,0,0.0009770772609590628
1,ST,12.860133651056747,0.03676016785322657,82285.47617810612,5,0,0.0009769848420282114
1,ST,13.211717398786615,0.03751989181636034,79107.87857627452,5,0,0.0009768859873405052
1,ST,11.58432903028042,0.02305064299760265,189107.02483881038,4,0,0.0009764600536951661
1,ST,11.743494233381057,0.023122330083375383,187108.32447506732,4,0,0.0009760012320642406
1,ST,11.664715331537527,0.0230518068157574,188054.83274408177,4,0,0.0009717269746130808
1,ST,12.850900748538375,0.03675392283112384,82334.55487618777,5,0,0.0009690647167309585
1,ST,11.760989134498463,0.023077928092035474,186288.85788476854,4,0,0.0009689593228453764
1,ST,11.802118599099401,0.02312695321618398,183681.19430322963,4,0,0.0009656235010518798
1,ST,13.000432453646097,0.0368579619398939,81739.56273556399,5,0,0.0009647410372645728
1,ST,11.679485509443914,0.023038717511238184,187579.47960882768,4,0,0.0009641792179798843
1,ST,13.060057582445117,0.03694633717462465,81088.81348329253,5,0,0.0009641279002401417
1,ST,13.081349057452623,0.03704909369134021,81104.05317346165,5,0,0.000961966309711588
1,ST,12.970517465898826,0.03682937779429185,81952.9575476037,5,0,0.000961883461110287
1,ST,13.031473066779629,0.03690236085739287,81473.01539967138,5,0,0.000961079212570013
1,ST,13.025272618206484,0.03688827856917838,81392.54628233616,5,0,0.0009603921886222062
1,ST,12.84131194913228,0.03674961407802719,82337.42546948933,5,0,0.0009586194120259616
1,ST,12.873975725874146,0.03676909653258383,82287.36652270339,5,0,0.0009577096533357998
1,ST,11.668507840611863,0.023038713250626258,187627.72669101812,4,0,0.0009559741366456498
1,ST,11.666998902812802,0.023046095926987337,188052.33435661223,4,0,0.000955452805846524
1,ST,11.77491726048388,0.02307428232083314,185313.9136000917,4,0,0.0009549234284595347
1,ST,11.792765060695405,0.02309600590277834,181265.9206831575,4,0,0.0009531970750729364
1,ST,11.575390037988054,0.023044709341193754,189073.57314550708,4,0,0.0009526923085732201
1,ST,11.618076359416056,0.023036538797854646,188178.20511377876,4,0,0.0009525405150454965
1,ST,13.002155191827736,0.03685062640896146,81728.38341491277,5,0,0.0009512834849073719
1,ST,11.636236352828723,0.02304560969495044,188502.05255933275,4,0,0.0009512790677465951
1,ST,11.674667263257861,0.023053826155084556,188163.64187580775,4,0,0.0009507020926171963
1,ST,11.619038147432866,0.023059174457606278,188951.4395508271,4,0,0.0009503714706966795
1,ST,13.21959780657698,0.0376052016826965,78573.33121131567,5,0,0.000950262508218516
1,ST,11.704263399239466,0.02304019170157323,186740.18402225018,4,0,0.0009488182951317756
1,ST,13.198277658011962,0.0374320262168015,79394.90528163589,5,0,0.000946649063155291
1,ST,13.077301151188417,0.037028157041145635,81123.01970239794,5,0,0.0009455965511711038
1,ST,11.666246054462924,0.023037327231378225,187109.23901945594,4,0,0.0009433955923143048
1,ST,12.848635881581975,0.03675736080289693,82338.96555702429,5,0,0.0009422206867355009
1,ST,11.7865569744084,0.023085640172289392,184777.62855651206,4,0,0.0009382130885993091
1,ST,11.740385840220824,0.02307854247351781,186509.04982065826,4,0,0.0009368235861282803
1,ST,13.044392773248713,0.0369152210665714,81171.01153374091,5,0,0.0009342238903175004
1,ST,13.156973956008677,0.037148119995835775,80267.18159327735,5,0,0.0009328220150607144
1,ST,12.906119590100452,0.03678090852609239,82228.02783278629,5,0,0.0009317110294825126
1,ST,11.842685899842804,0.023259962254474194,178173.11852624678,4,0,0.0009310000708634423
1,ST,11.771698566436367,0.023112438592202758,185951.00157328916,4,0,0.0009292838733015157
1,ST,11.786686555113528,0.02309371281468694,183967.5190475604,4,0,0.0009290504465341892
1,ST,11.687597556069159,0.02305590786539573,187795.80160450182,4,0,0.0009283809583209079
1,ST,13.22571714844339,0.037665766038474324,78468.555945829,5,0,0.0009272003163752194
1,ST,11.740686075500022,0.02305105379079609,185865.45590394002,4,0,0.0009261512854518842
1,ST,12.89420225719049,0.036775803595613596,82217.98979254083,5,0,0.0009260170386259586
1,ST,11.69370086765561,0.02306012746146805,187491.90178447202,4,0,0.0009240436269371141
1,ST,13.152798556949648,0.03716570068795477,80385.48254624521,5,0,0.0009208268352131831
1,ST,11.599022416134952,0.023043129615101136,188656.48875464726,4,0,0.0009195241167722901
1,ST,11.790829835802553,0.023096421750352113,184569.25938757826,4,0,0.0009184338139129852
1,ST,11.774953900444762,0.023079256121653048,185150.91887191255,4,0,0.0009134367170535859
1,ST,13.054586393899857,0.03694596564711654,81278.50340469179,5,0,0.0009130053517872783
1,ST,13.18861421364015,0.037333597228732494,79447.44792841777,5,0,0.0009123170365513765
1,ST,13.053727920672964,0.03692767299232796,81138.73390699254,5,0,0.0009089791844473004
1,ST,11.676285420123767,0.02304855632360226,187849.41262643278,4,0,0.0009082949713096337
1,ST,13.240654143800382,0.037820364638915534,78050.13237532292,5,0,0.0009072162902849409
1,ST,11.84074469968378,0.023284605768808888,180272.08014272788,4,0,0.0009063638932865357
1,ST,11.755153638854702,0.023113450759379303,186567.4461767826,4,0,0.0009042229520848635
1,ST,11.8323227481346,0.02322317434423462,180865.47063166514,4,0,0.0009000195446790468
1,ST,13.12306650191843,0.037089253884034966,80640.86559378359,5,0,0.0008982222749532251
1,ST,13.203810554631069,0.03743277738308766,79196.7886543534,5,0,0.0008971467602477575
1,ST,11.802771951202093,0.023131448525062957,183394.24764113367,4,0,0.0008950782527777816
1,ST,12.91853849581517,0.03678778736130586,82152.99529945944,5,0,0.0008949116651919276
1,ST,13.067742026660056,0.03696898375902367,81073.38738079907,5,0,0.0008924457249937155
1,ST,11.631692538236086,0.023059320529206295,188919.90840874263,4,0,0.0008923571567181688
1,ST,12.948671120059577,0.03680498855045402,82030.36876934831,5,0,0.000884697608546483
1,ST,13.030338430850728,0.03693519465816091,81537.4956770323,5,0,0.0008836680383311774
1,ST,13.003751550319622,0.03687173261021102,81736.5643600912,5,0,0.0008818324013310089
1,ST,11.616528582589122,0.023042274853748754,188445.516920333,4,0,0.0008798301554537474
1,ST,11.735773348111092,0.023063692774145134,186651.9959078099,4,0,0.0008774101419496336
1,ST,12.898441633913343,0.036774376891657704,82209.70532520629,5,0,0.0008755450021260176
1,ST,11.823702029097111,0.02317333809800111,183147.69609622515,4,0,0.0008738561572867871
1,ST,11.793647573781449,0.023130492496230264,185348.94524023234,4,0,0.0008690132914071979
1,ST,13.068347068507695,0.036953028363664646,81034.80927342265,5,0,0.0008689745563129616
1,ST,11.593804096089134,0.023044549022608954,188995.40313387915,4,0,0.0008681090754419331
1,ST,11.650699081235315,0.023046372972481605,188411.18218490356,4,0,0.000867402725612019
1,ST,11.799841730723266,0.023157753153136104,184428.09105887567,4,0,0.0008654045878602893
1,ST,11.805275457195519,0.023232625224343786,185045.60847993023,4,0,0.0008646412857157868
1,ST,13.121560334391399,0.037063768580336914,80468.329652832,5,0,0.0008629783854168461
1,ST,13.23936615070107,0.03782711161604676,78058.35614924178,5,0,0.0008611370107856229
1,ST,11.755951713263133,0.023062082977189462,185845.5557605778,4,0,0.0008611043700243526
1,ST,13.203891730624042,0.037436036884914405,79172.71790714259,5,0,0.0008610555582077148
1,ST,11.607950512684194,0.023040229018442094,188406.50964185045,4,0,0.0008592505590016653
1,ST,11.802439534303067,0.023125888507698346,181701.08012542495,4,0,0.0008556232493549609
1,ST,11.649656656649503,0.023042894912366538,188312.44747770086,4,0,0.0008544481710200249
1,ST,13.056924727527404,0.03696629332663801,81224.9255700829,5,0,0.0008542399541142915
1,ST,11.680820448393996,0.023053481810205244,187820.7953519254,4,0,0.0008540263182762499
1,ST,11.661764032808435,0.023048735380393516,188315.15944806984,4,0,0.0008520783717775809
1,ST,11.625660677465238,0.023042448353266323,188200.39124725477,4,0,0.0008446040945295519
1,ST,11.604918464788836,0.023044270246612306,188893.2711106994,4,0,0.0008434759004785455
1,ST,11.592513661454142,0.023036879548659767,188641.21354119398,4,0,0.0008411215744153806
1,ST,13.005352730542018,0.03685036609037846,81705.61264964439,5,0,0.0008383919310542559
1,ST,12.947688810778354,0.036801615102354066,82033.49251316959,5,0,0.0008361939478225188
1,ST,11.556266453062719,0.02303891358033945,188943.74233626094,4,0,0.0008361025665801533
1,ST,13.222307411368464,0.03760722779071832,78607.45312990768,5,0,0.0008345308537865957
1,ST,12.869127305304769,0.03676066908850074,82262.7842139866,5,0,0.000834093562649994
1,ST,13.062844736399848,0.03696614511508896,81207.97904146407,5,0,0.0008333425913390989
1,ST,13.00102080188295,0.036849353085819686,81566.20086700919,5,0,0.000833185607004647
1,ST,11.772629028167271,0.02309266179423904,185914.64332744927,4,0,0.0008329202214751566
1,ST,11.800043767660409,0.023141406185746442,184248.6980660454,4,0,0.0008323247886259629
1,ST,13.018394211082091,0.036878006066194416,81427.52987069022,5,0,0.0008275760977618637
1,ST,12.918104665692303,0.03678670893659775,82143.26172135744,5,0,0.000824453843898188
1,ST,12.934670311131846,0.03679925010767558,82109.18619804778,5,0,0.0008216604848165725
1,ST,11.630164386581775,0.023037926874040267,187917.82480946698,4,0,0.0008180745374612257
1,ST,11.76152789929619,0.023065411016150263,185815.26666715732,4,0,0.0008172814158718782
1,ST,12.852985102322066,0.036759181111980094,82321.57286633935,5,0,0.0008141889016469761
1,ST,11.845032631841583,0.023285036449304956,178760.99643179012,4,0,0.0008131153047093875
1,ST,11.688101871834345,0.023044298548304042,187409.5671780021,4,0,0.0008100000963270403
1,ST,13.078751506332848,0.03700606960088053,81050.79451617143,5,0,0.0008097951446216904
1,ST,11.691693642052032,0.02305227046813521,187514.70985788185,4,0,0.0008085333992827357
1,ST,11.705327169143484,0.023042589585408505,185976.6562605083,4,0,0.0008076301799822442
1,ST,11.752347905848943,0.023075002986511713,186245.45627883545,4,0,0.0008074912245274748
1,ST,12.833072068940472,0.03674796360248139,82346.5174411315,5,0,0.0008046011998598168
1,ST,13.24047685451368,0.037796404072085864,78039.05324796871,5,0,0.0008022811759151987
1,ST,12.853319835713853,0.036760944762888936,82324.21788230621,5,0,0.0008022259699425925
1,ST,13.062709965928667,0.03695046839670217,81188.05410419527,5,0,0.0007992917826766347
1,ST,11.753398689472803,0.023049216822313735,184976.84496805657,4,0,0.0007990658271295736
1,ST,13.08553466918484,0.03699248901669762,80961.08186538547,5,0,0.000796413188597059
1,ST,11.691200140299784,0.02304868923279593,187424.6745834442,4,0,0.0007946376660474414
1,ST,13.237588093763355,0.037761842831659564,78069.43922583606,5,0,0.0007914419435025258
1,ST,12.839897393780458,0.036751461817270056,82348.18193504252,5,0,0.000790530288305121
1,ST,13.123453199856888,0.03706753880952409,80510.79967089472,5,0,0.000790228331158547
1,ST,13.117266991701062,0.03704589146735255,80741.8521633918,5,0,0.0007891583307744069
1,ST,11.60447741548971,0.02305103139685443,189006.3259725756,4,0,0.0007851473415262282
1,ST,11.759115984065991,0.023073618360054702,185920.82529278993,4,0,0.0007771864705682686
1,ST,13.071080601876178,0.036997943536387454,81217.42048028765,5,0,0.0007769367687814506
1,ST,13.189909259137576,0.037337417437730384,79429.43325370188,5,0,0.0007733201582062939
1,ST,11.812297390483225,0.023140843074902065,181367.47958994,4,0,0.0007699162986962359
1,ST,11.839606321935303,0.023249345503142962,178244.93241595174,4,0,0.0007686578780758374
1,ST,11.851825347440554,0.023270505182169735,176949.967628178,4,0,0.000765844035530763
1,ST,13.116599334228965,0.03703919840165463,80731.45148178487,5,0,0.0007637679655013259
1,ST,11.802819541906345,0.023133638931074504,183623.03441098798,4,0,0.0007635062684804919
1,ST,11.801889849851069,0.023119699850343386,182631.03234648317,4,0,0.0007630046876825802
1,ST,13.198096956417602,0.037385684079783564,79246.23971217286,5,0,0.0007610526855226568
1,ST,11.807673863809471,0.02312932961121858,182387.87206508982,4,0,0.0007605875616548996
1,ST,13.234642464370955,0.037694600659469266,78259.42996993747,5,0,0.00075039076383393
1,ST,11.638418377816324,0.023056788241426342,188805.2614429093,4,0,0.0007497557708905294
1,ST,13.080558464362577,0.03702977751070315,81086.85024795026,5,0,0.0007490849190895396
1,ST,11.766769385699527,0.0230592379687099,183141.59408943792,4,0,0.0007484467136881416
1,ST,11.75932137933033,0.023069545654111775,185840.69446525996,4,0,0.0007484043522122488
1,ST,12.849935581555583,0.03675361094706279,82316.98735344103,5,0,0.0007481897256243599
1,ST,11.754775664825676,0.023076348811638073,186378.54124206235,4,0,0.0007460139629646254
1,ST,12.958271320359966,0.036816301953364806,81949.3081624571,5,0,0.0007450430059812807
1,ST,11.744930143646148,0.023115180528178722,186756.66174672332,4,0,0.000744693795538265
1,ST,13.032301452874266,0.036903816440113354,81380.13932822741,5,0,0.0007428807177166327
1,ST,13.079338857805446,0.03697233147387848,80835.52499874703,5,0,0.0007420747537844879
1,ST,12.89301753469241,0.03677523771868221,82223.03274195346,5,0,0.0007417979251013707
1,ST,11.837943923890935,0.02323669240815788,177193.2291233985,4,0,0.0007417059841681077
1,ST,11.800954922488447,0.02310855852813129,178114.09421914996,4,0,0.0007379239706413795
1,ST,13.105616384235601,0.03705448847879717,80785.15592542315,5,0,0.0007345346438498836
1,ST,11.827924910869411,0.023200832661036074,181372.7705320721,4,0,0.0007339693276308925
1,ST,11.69332485352665,0.02304395594859687,187098.07703101457,4,0,0.0007327950235146682
1,ST,13.20558629831166,0.03745044228129826,79106.35046632636,5,0,0.0007325537815115048
1,ST,11.697297451223605,0.02304338786691358,186770.37798525134,4,0,0.0007303495213107105
1,ST,12.98939505153825,0.03684409251793065,81838.32973288283,5,0,0.0007297749770609867
1,ST,11.674247408001417,0.02305978712799889,188309.08451552156,4,0,0.0007292136757817868
1,ST,13.18809970230941,0.03733529699206568,79508.76144567745,5,0,0.0007255032648051977
1,ST,11.683273980423897,0.02305459698747338,187949.3541412112,4,0,0.0007240645833376792
1,ST,12.898470099811206,0.03677813057518694,82213.66682539387,5,0,0.0007239180472289346
1,ST,11.79328395959895,0.023165617014586262,185458.97858332988,4,0,0.0007217140837988106
1,ST,11.716038608136829,0.02307691678475417,187436.37172518816,4,0,0.0007082426144330838
1,ST,11.7535010503643,0.023058993542943246,185493.03683220386,4,0,0.000706150541573298
1,ST,13.071042168733259,0.03696171378380353,80964.9220255344,5,0,0.0007028703761199754
1,ST,11.840170934214127,0.02325844039942934,181699.34114991067,4,0,0.0006951718699887508
1,ST,13.171015631281374,0.03721696800646066,79996.97364458007,5,0,0.0006947710053080002
1,ST,11.645939795301956,0.02305945305372046,188797.50833404544,4,0,0.0006771869566787938
1,ST,11.78172880339472,0.02307278574585247,181809.891899975,4,0,0.0006769756607363936
1,ST,12.842966409850115,0.036751738743860105,82333.57981888996,5,0,0.0006752356465587112
